0.01;0.9995095;-0.0981
0.02;0.9980380000000001;-0.1962
0.03;0.9955855000000001;-0.2943
0.04;0.9921520000000001;-0.3924
0.05;0.9877375000000002;-0.49050000000000005
0.060000000000000005;0.9823420000000002;-0.5886
0.07;0.9759655000000002;-0.6867
0.08;0.9686080000000001;-0.7847999999999999
0.09;0.9602695000000001;-0.8828999999999999
0.09999999999999999;0.9509500000000001;-0.9809999999999999
0.10999999999999999;0.9406495;-1.0791
0.11999999999999998;0.929368;-1.1772
0.12999999999999998;0.9171055;-1.2753
0.13999999999999999;0.903862;-1.3734000000000002
0.15;0.8896375000000001;-1.4715000000000003
0.16;0.8744320000000001;-1.5696000000000003
0.17;0.8582455000000001;-1.6677000000000004
0.18000000000000002;0.8410780000000001;-1.7658000000000005
0.19000000000000003;0.8229295000000001;-1.8639000000000006
0.20000000000000004;0.8038000000000001;-1.9620000000000006
0.21000000000000005;0.7836895;-2.0601000000000007
0.22000000000000006;0.762598;-2.158200000000001
0.23000000000000007;0.7405255;-2.256300000000001
0.24000000000000007;0.7174719999999999;-2.354400000000001
0.25000000000000006;0.6934374999999999;-2.452500000000001
0.26000000000000006;0.668422;-2.550600000000001
0.2700000000000001;0.6424255;-2.648700000000001
0.2800000000000001;0.615448;-2.7468000000000012
0.2900000000000001;0.5874895;-2.8449000000000013
0.3000000000000001;0.55855;-2.9430000000000014
0.3100000000000001;0.5286295;-3.0411000000000015
0.3200000000000001;0.49772799999999995;-3.1392000000000015
0.3300000000000001;0.4658454999999999;-3.2373000000000016
0.34000000000000014;0.43298199999999987;-3.3354000000000017
0.35000000000000014;0.39913749999999987;-3.4335000000000018
0.36000000000000015;0.36431199999999986;-3.531600000000002
0.37000000000000016;0.32850549999999984;-3.629700000000002
0.38000000000000017;0.2917179999999998;-3.727800000000002
0.3900000000000002;0.2539494999999998;-3.825900000000002
0.4000000000000002;0.21519999999999975;-3.924000000000002
0.4100000000000002;0.17546949999999972;-4.022100000000002
0.4200000000000002;0.1347579999999997;-4.120200000000001
0.4300000000000002;0.09306549999999969;-4.218300000000001
0.4400000000000002;0.05039199999999967;-4.316400000000001
0.45000000000000023;0.006737499999999674;-4.4145
0.45152364106151466;-3.356794070139002E-10;-4.429446918813456
0.46152364106151467;0.04380396885245515;4.331346918813456
0.4715236410615147;0.08662693804058971;4.233246918813457
0.4815236410615147;0.12846890722872428;4.135146918813457
0.4915236410615147;0.16932987641685884;4.0370469188134575
0.5;0.20319691747073879;3.9538938376269166
